v=S-7rRLrxnVQ__#1_label_B4-0-0 0 1517 1970 3038
v=u5SF4SlqNDQ__#00-00-00_00-01-00_label_G-0-0 624 912 950 1441
v=u5SF4SlqNDQ__#00-02-39_00-03-41_label_G-0-0 77 1430
v=cEOM18n8fhU__#1_label_G-0-0 2133 2750
v=NnmqkS1e88s__#1_label_B4-0-0 0 1750
v=vaSOMEIe1Bg__#1_label_G-0-0 300 1380
v=ZnFlL84K7HE__#00-27-53_00-34-45_label_B4-0-0 0 9523
v=wVey5JDRf_g__#00-00-00_00-01-20_label_B6-0-0 51 210 273 410 544 720 828 970 1135 1270 1413 1500 1618 1710 1822 1920
v=wVey5JDRf_g__#00-01-30_00-02-41_label_B6-0-0 142 296 447 508 606 710 800 870 1000 1185 1414 1550 1635 1700
v=wVey5JDRf_g__#00-04-09_00-05-06_label_B6-0-0 85 200 352 438 547 690 777 833 918 952 1055 1170 1314 1365
v=m8EkFsaGPzU__#1_label_B4-0-0 0 3380 4523 5700
v=5BBoVfKOyeM__#00-08-19_00-10-10_label_B6-0-0 1067 1200 1650 1734
v=BQjKQbYgUBA__#1_label_B1-0-0 635 667 733 759 932 1020 1234 1297 1977 2373 3195 3422
v=bfOlheR5nUQ__#00-00-00_00-04-33_label_B4-0-0 0 6553
v=bfOlheR5nUQ__#00-04-33_00-06-02_label_B4-0-0 0 2135
v=YKtw6uLEGps__#1_label_B4-0-0 807 2118
v=7xQr5wYwNPg__#1_label_B4-0-0 0 403 600 1008
v=-fOWSLV6Esw__#1_label_B4-0-0 20 772
v=b0MUjeKAGZw__#1_label_B4-0-0 0 2790
Bad.Boys.1995__#01-11-55_01-12-40_label_G-B2-B6 157 180 185 244 250 360 582 810
Bad.Boys.1995__#01-33-51_01-34-37_label_B2-0-0 57 670 728 800
Bad.Boys.II.2003__#00-06-42_00-10-00_label_B2-G-0 2610 2670 2760 3060 3167 4310
v=DD3jfKr8e-k__#00-00-00_00-01-40_label_B4-0-0 0 2400
v=2jwO15SMyuo__#1_label_B4-0-0 0 2374
v=jYENhkzdpO8__#00-00-00_00-01-31_label_B6-0-0 245 335 1187 1252 1836 2000
v=1djrJ0wxlYo__#1_label_B4-0-0 0 758 880 1533
v=7zEFHKKBA0g__#1_label_B4-0-0 1192 1600 2031 2690
v=hxyhulJYz5I__#00-06-09_00-07-00_label_B6-0-0 25 70 256 360 520 640 680 855 927 1000 1140 1220
v=bhZs3ALdL7Y__#1_label_G-0-0 0 70
Black.Hawk.Down.2001__#01-13-59_01-14-49_label_B2-0-0 188 1190
Black.Hawk.Down.2001__#01-32-40_01-34-00_label_B4-0-0 0 269 518 882 1090 1180 1220 1919
Black.Hawk.Down.2001__#01-42-58_01-43-58_label_G-0-0 406 505
Black.Hawk.Down.2001__#02-00-12_02-01-29_label_B2-0-0 10 1848
v=8tqeeBGjnPg__#00-03-12_00-04-15_label_B6-0-0 160 300 690 980 1100 1270
v=6nfo9c7a5pE__#1_label_B1-0-0 0 150 295 700
v=rJz4NXm6vis__#1_label_B4-0-0 0 1210 1351 1797
Braveheart.1995__#00-56-30_00-57-20_label_B1-0-0 0 360
Braveheart.1995__#01-26-50_01-32-30_label_B1-0-0 1011 7515
Braveheart.1995__#02-05-34_02-06-40_label_B1-0-0 256 1580
Braveheart.1995__#02-07-00_02-08-15_label_B1-0-0 450 600 1027 1300
v=zI0q5UDP47g__#1_label_B4-0-0 66 3560
Brick.Mansions.2014__#00-11-57_00-12-12_label_B2-0-0 308 338
Brick.Mansions.2014__#00-16-26_00-17-12_label_B1-0-0 30 1100
Brick.Mansions.2014__#00-41-25_00-42-36_label_B1-0-0 523 610 900 1700
Brick.Mansions.2014__#01-02-00_01-02-43_label_B2-0-0 280 550
v=73uRcX0Dvfc__#00-00-00_00-01-51_label_B6-G-0 177 217 450 540 958 1260 1507 1670 2053 2180 2460 2589
v=Ia9ATKNeUbY__#00-01-52_00-03-10_label_B6-0-0 90 145 470 570 1130 1200 1493 1660
v=Ia9ATKNeUbY__#00-04-19_00-05-11_label_B6-0-0 27 133 274 510 1137 1170
v=Ia9ATKNeUbY__#00-05-19_00-06-09_label_B6-0-0 120 180 800 855 1112 1185
v=Ia9ATKNeUbY__#00-06-19_00-06-50_label_B6-0-0 246 290 427 527 687 744
Bullet.in.the.Head.1990__#00-17-20_00-18-55_label_B1-0-0 138 280 546 1915
Bullet.in.the.Head.1990__#00-41-30_00-44-16_label_B4-G-0 388 3425 3626 3668
Bullet.in.the.Head.1990__#01-26-30_01-27-34_label_B2-0-0 695 820
Bullet.in.the.Head.1990__#01-45-21_01-46-20_label_B2-0-0 400 502
Bullet.in.the.Head.1990__#02-02-00_02-05-22_label_B2-B6-G 0 35 203 860 1005 1465 2130 2380 2860 3250 3541 4346
v=EOAfl8yMiN8__#00-00-00_00-00-51_label_B6-0-0 119 150 330 380 515 595 708 760 940 1200
v=EOAfl8yMiN8__#00-03-00_00-04-09_label_B6-0-0 245 325 470 520 716 850 960 1034 1165 1200 1370 1454 1614 1652
v=kVl-6-A9ZO4__#00-08-01_00-09-35_label_B6-0-0 65 140 428 500 693 800 986 1117 1550 1700 2038 2218
v=iHuggczItBk__#00-01-00_00-02-45_label_B6-0-0 70 140 600 700 1080 1223 1459 1474 1750 1950 2257 2315 2474 2520
v=iHuggczItBk__#00-03-00_00-03-55_label_B6-0-0 180 240 450 555 880 960 1200 1300
v=iHuggczItBk__#00-04-00_00-04-55_label_B6-0-0 56 173 385 435 780 830
v=0qtIjyt-7wg__#00-00-00_00-00-51_label_B6-0-0 205 270 537 610 1028 1115
v=0qtIjyt-7wg__#00-01-00_00-02-45_label_B6-0-0 264 340 760 900 1337 1430 1612 1656 1806 1940 2390 2480
v=0qtIjyt-7wg__#00-04-00_00-05-15_label_B6-0-0 25 55 265 315
v=vhACO_m5pH0__#00-09-42_00-10-40_label_B6-0-0 238 314 475 520 911 960 1084 1208
v=vhACO_m5pH0__#00-10-42_00-11-40_label_B6-0-0 48 55 303 354 890 1024
v=vhACO_m5pH0__#00-14-42_00-15-40_label_B6-0-0 20 140 460 500 735 820 970 1070 1225 1266
v=vhACO_m5pH0__#00-17-42_00-18-40_label_B6-0-0 0 45 148 218 440 486 640 710 860 900 1010 1060 1248 1300
v=vhACO_m5pH0__#00-20-42_00-22-40_label_B6-0-0 30 130 300 380 625 680 830 920 1015 1085 1346 1368 1596 1642 1820 1869 2020 2100 2258 2345 2530 2560 2670 2749
v=tT-SrQC6Ddw__#00-04-00_00-05-15_label_B6-0-0 185 226 1237 1320 1485 1640
v=ZoS8gm5OcOM__#00-06-20_00-07-30_label_B6-0-0 364 627 1464 1680
v=ZoS8gm5OcOM__#00-07-50_00-08-55_label_B6-0-0 267 320 795 850 1156 1454
v=D1eP4Bn4hDQ__#00-09-20_00-10-45_label_B6-0-0 319 375 1050 1105 1390 1445
v=BFPkt0AuSFA__#1_label_B4-0-0 28 3350
v=251___mEwZA__#1_label_B1-0-0 183 1359 1453 2487 3749 4540
Casino.Royale.2006__#00-18-30_00-19-20_label_G-B2-0 261 580
Casino.Royale.2006__#00-50-05_00-51-16_label_B1-B2-B6 43 180 383 625 702 830 860 1006 1066 1096 1527 1634
Casino.Royale.2006__#00-51-16_00-52-41_label_B1-B6-0 37 400 977 1400 1590 1752
Casino.Royale.2006__#01-17-29_01-17-46_label_B1-0-0 216 350
Casino.Royale.2006__#01-46-40_01-47-14_label_B6-0-0 197 600
v=ROrpKx3aIjA__#1_label_G-0-0 713 830
v=Hnfy9XhlIPM__#1_label_B4-0-0 66 4620
v=J_ZsNd97wXw__#1_label_G-0-0 60 660 1025 1090
v=zQbnQBCTSiA__#1_label_B1-0-0 663 1530 2020 2553 3319 3710 4157 4478 4597 4930
City.of.God.2002__#00-37-20_00-38-02_label_B5-0-0 530 750
City.of.God.2002__#00-40-16_00-41-30_label_B2-0-0 460 490 858 910 1142 1330
City.of.God.2002__#01-52-20_01-54-32_label_B2-0-0 24 54 585 611 2892 3167
City.Of.Men.2007__#00-51-50_00-53-31_label_B2-0-0 254 540 1519 1545
City.Of.Men.2007__#00-57-37_00-58-27_label_B2-0-0 218 280 883 920
City.Of.Men.2007__#01-17-27_01-17-59_label_B2-0-0 197 394
City.Of.Men.2007__#01-35-30_01-36-00_label_B2-0-0 135 265
v=qrKfaX1lCUM__#1_label_G-0-0 247 280 1601 1656 1684 1736 1928 2106 2323 2355 2428 2471 2645 2875 5600 5645 5812 6000
v=ZkUciDD55kA__#00-00-00_00-00-30_label_G-0-0 124 617
Crank.Dircut.2006__#0-27-42_0-29-01_label_B1-0-0 347 445 560 1427 1886 1894
v=OOjjPGN8jSU__#1_label_B6-0-0 884 911 994 1030 1083 1102 1235 1266 1375 1483 1680 1745 1830 1890 2070 2250 2320 2520 2557 2650 2798 3030 3175 3265 3622 3670 3935 3999 4089 4150 4435 4515 4590 4687
v=uQY15O3LKI0__#1_label_B6-0-0 297 336 600 750 811 912 1068 1208 1320 1350 1425 1470 1593 1640 1742 1860 1949 2020 2140 2350 2550 2700 2867 2980 3073 3120 3255 3350 3489 3526 3623 3700 3804 3965
Deadpool.2.2018__#0-04-46_0-05-01_label_B2-0-0 113 190 246 300
Deadpool.2.2018__#0-50-30_0-51-20_label_B1-0-0 220 320 548 630 837 1125
Deadpool.2.2018__#01-03-09_01-03-54_label_B4-0-0 390 608
Deadpool.2016__#0-18-58_0-19-20_label_B1-0-0 80 130 290 510
Death.Proof.2007__#00-45-05_00-47-36_label_B5-0-0 1268 1600 3418 3450
Death.Proof.2007__#01-40-41_01-42-17_label_B5-B6-0 1606 1666 1760 2070
v=MqrNCb2N5to__#1_label_B1-0-0 247 425 1495 1666 1852 1950 2219 2450
Desperado.1995__#00-16-48_00-18-52_label_B1-0-0 40 110 160 200 786 805 946 2030 2190 2310
Desperado.1995__#00-38-36_00-39-21_label_B1-B2-0 325 350 381 498 531 570 580 700
Desperado.1995__#01-14-11_01-17-28_label_B2-G-0 838 1300 2640 2900 2957 3015 3310 3340 3760 4290 4478 4600
v=PWBZiM-rkoE__#1_label_G-0-0 2050 2300 2499 2550
v=CLFYvG6MsZU__#00-02-16_00-05-06_label_B2-0-0 600 1060 1577 2030 2636 3140
v=3xWiBCIxjIk__#1_label_B4-0-0 122 3700
v=yrpZJ8Vr3aA__#1_label_B1-0-0 120 1270 2180 2352
Election.2005__#00-47-57_00-50-54_label_B5-0-0 170 480 1219 1620 2063 2150
v=abATVcjFumY__#1_label_G-0-0 143 450 1560 1830
v=d5lTTPvJLpw__#1_label_B4-0-0 188 368 508 810 920 5880
v=J67oj92maC0__#1_label_G-0-0 293 740 806 1200 1346 1650 1698 2086 2213 2830 3260 3960 4058 4670
Fast.Five.2011__#00-01-41_00-01-57_label_B6-0-0 70 310
Fast.Five.2011__#00-32-05_00-32-24_label_B1-B2-0 104 155 194 360
Fast.Five.2011__#00-32-56_00-33-26_label_B2-0-0 155 300 450 686
Fast.Five.2011__#01-29-27_01-32-05_label_B1-0-0 110 2934
Fast.Furious.6.2013__#00-45-40_00-47-13_label_B2-0-0 160 295 425 580 700 890 985 1038 1180 1280 2030 2190
Fast.Furious.6.2013__#01-03-25_01-04-59_label_B1-0-0 460 1470 1550 2120
Fast.Furious.6.2013__#01-38-33_01-39-20_label_B1-0-0 140 170 366 490
Fast.Furious.2009__#00-21-06_00-21-57_label_B6-B2-0 170 599 1170 1194
Fast.Furious.2009__#00-25-59_00-26-25_label_B1-0-0 240 622
Fast.Furious.2009__#00-42-10_00-42-41_label_B6-0-0 35 727
Fast.Furious.2009__#01-18-00_01-19-00_label_B2-B6-0 691 1078 1145 1323
Fast.Furious.2009__#01-29-10_01-29-55_label_B2-0-0 877 1058
v=O9g1uuI62m0__#1_label_B4-0-0 0 4460
v=wG-2t0M8CPc__#1_label_B1-0-0 781 1255 1325 1700
v=wPkBaI6vOv0__#00-00-00_00-01-00_label_G-0-0 25 250 468 530 618 860 1350 1435
v=pFamvR9CpYw__#00-00-00_00-06-36_label_B4-0-0 135 1300 1830 2580 3120 3220 3680 7050 7720 9500
v=pFamvR9CpYw__#00-06-36_00-15-20_label_B4-0-0 0 1985 2450 6360 7460 11600 12200 12575
v=y1z12D5bx7c__#1_label_B4-0-0 0 4847
v=pHZ9gOfmY_k__#1_label_B4-0-0 0 5177
v=gbRIKogNZvE__#1_label_B4-0-0 0 2988
v=T-LH8Gv5zzY__#1_label_B4-0-0 0 2425
v=CoxsDkB-rWU__#00-07-06_00-10-30_label_B4-0-0 0 4896
v=TfS-MJoVNjM__#1_label_B4-0-0 0 1309
Fury.2014__#00-07-30_00-07-58_label_G-0-0 125 180 417 490
Fury.2014__#00-39-36_00-40-44_label_B1-B2-0 78 1424 1550 1575
Mission.Impossible.V.Rogue.Nation.2015__#01-54-23_01-55-10_label_B2-0-0 723 992
v=5Ftl4nOSytc__#1_label_G-0-0 166 290
v=38GQ9L2meyE__#1_label_B6-0-0 26 80 210 288 377 396 450 517 597 628 650 850 895 973 1106 1226 1330 1400 1490 1675 1713 1820 1890 1980 2025 2100 2177 2290 2375 2450 2579 2655 2657 3045 3091 3170 3259 3475 3571 4060 4143 4288 4364 4450
v=GqMh_HBNWZE__#00-01-00_00-02-45_label_B6-0-0 44 148 180 220 393 500 810 940 1325 1465 1582 1614 1857 1917 2259 2308 2480 2520
v=RUjrMYWhLng__#1_label_B6-0-0 330 2620 3526 3760 3875 4420 4695 6540 6758 7220 8440 9111 9280 10350
v=UK--hvgP2uY__#1_label_G-0-0 2310 2595
v=Z12t5h2mBJc__#1_label_B1-0-0 22 780 1089 1275 1442 1710 2535 2950 2975 3600 3965 4300 4488 4664
New.Kids.Turbo.2010__#00-22-35_00-23-14_label_B1-0-0 94 134 670 741
New.Kids.Turbo.2010__#00-50-13_00-50-34_label_B1-0-0 344 420
v=gsz_P8t-KM4__#1_label_B4-0-0 0 9695
v=oipd63DGadU__#1_label_B1-0-0 73 760 990 1040
v=xbPWQKZspfU__#1_label_B1-0-0 356 1200 2709 3544 3927 4782
v=afhttnv46Y4__#1_label_B1-0-0 304 860 1435 2020
v=0yHBkMBE8r4__#1_label_B1-0-0 498 720 3260 3570
v=Q8K7roZu3WU__#1_label_B1-0-0 0 1294
v=gENp4SyNxkI__#1_label_B1-0-0 0 1250
v=sE-DC2trBkI__#00-01-00_00-02-45_label_B6-0-0 225 322 640 760 991 1160 1450 1550 1815 1883 2205 2245
v=sE-DC2trBkI__#00-03-00_00-04-09_label_B6-0-0 258 410 700 802 942 1215 1435 1540
v=sE-DC2trBkI__#00-09-00_00-10-05_label_B6-0-0 196 340 495 605 880 1023 1145 1230 1433 1493
v=15wDrZJQpsw__#00-00-00_00-00-51_label_B6-0-0 434 562 749 866
v=15wDrZJQpsw__#00-05-20_00-06-20_label_B6-0-0 95 233 465 516 852 924 1330 1441
v=15wDrZJQpsw__#00-09-00_00-10-55_label_B6-0-0 130 650 1030 1140 1625 1685 1875 2330 2580 2620
v=HSisjzLESak__#00-00-00_00-00-51_label_B6-0-0 578 700 864 960 1153 1224
v=HSisjzLESak__#00-01-00_00-02-45_label_B6-0-0 0 122 640 900 1163 1330 1633 1681
v=HSisjzLESak__#00-07-40_00-08-50_label_B6-0-0 322 522 1340 1545
v=X4I8FhpGJwo__#00-07-40_00-08-50_label_B6-0-0 258 300 552 598 1150 1299
v=X4I8FhpGJwo__#00-09-00_00-10-45_label_B6-0-0 105 165 550 633 1273 1440 1640 1700 2017 2050 2362 2450
v=waIS8TaJxts__#00-00-00_00-00-51_label_B6-0-0 490 625 990 1075 1113 1220
v=waIS8TaJxts__#00-01-30_00-02-45_label_B6-0-0 189 255 1145 1800
v=waIS8TaJxts__#00-05-50_00-06-20_label_B6-0-0 285 536
v=waIS8TaJxts__#00-07-40_00-08-50_label_B6-0-0 329 375 724 920 1276 1460
v=waIS8TaJxts__#00-09-00_00-10-45_label_B6-0-0 257 540 1082 1245 1468 1805 2303 2490
v=H5W58Loofks__#00-05-50_00-06-20_label_B6-0-0 0 90 521 720
v=TOEVc-pOEwM__#00-08-40_00-10-40_label_B6-0-0 40 95 350 530 796 1224 1512 1658 1983 2166 2444 2532 2845 2880
Operation.Red.Sea.2018__#0-02-17_0-02-37_label_B2-0-0 180 397
Operation.Red.Sea.2018__#0-16-06_0-16-46_label_G-0-0 630 774
Operation.Red.Sea.2018__#0-25-36_0-26-03_label_G-0-0 585 620
Operation.Red.Sea.2018__#0-29-36_0-30-20_label_B2-G-0 222 450 460 533
Operation.Red.Sea.2018__#0-56-26_0-57-10_label_G-0-0 330 430 504 533 1038 1055
Operation.Red.Sea.2018__#01-20-58_01-22-00_label_B5-0-0 1271 1336
Operation.Red.Sea.2018__#01-37-22_01-37-36_label_G-B2-0 150 215 233 275
v=sbEHU4GskX4__#1_label_B1-0-0 608 2030
v=3y2OOc6WTrg__#1_label_B1-0-0 400 790 1345 1700 2684 3273
v=iWfUqxibqG0__#1_label_G-0-0 176 628
v=7isLhaNYgkU__#1_label_B4-0-0 0 5705
v=OB0-MXNPUIU__#1_label_B4-0-0 0 4020
v=FRj2K0ulD8Q__#00-00-00_00-00-57_label_B4-0-0 0 1202
v=FRj2K0ulD8Q__#00-04-16_00-06-05_label_B4-0-0 0 2617
v=FRj2K0ulD8Q__#00-06-05_00-08-25_label_B4-0-0 0 2547 2765 3329
v=ICnreR1hxP0__#1_label_B4-0-0 0 3976
v=MJLylzPRvyw__#1_label_B4-0-0 135 3473
v=OFxPTJxA5pg__#1_label_B4-0-0 0 15000
v=fhiAyxpDQMU__#1_label_B4-0-0 0 3975
v=SE5fxK7SasU__#00-03-23_00-04-08_label_B4-0-0 0 1081
v=_tsSKAsVZfo__#1_label_B4-0-0 153 1090 1170 2480
Quantum.Of.Solace.2008__#01-19-30_01-20-05_label_B1-0-0 131 295
Quantum.Of.Solace.2008__#01-30-26_01-30-42_label_B2-B1-0 30 55 114 144
v=k_cvJa1kNaM__#1_label_B4-0-0 900 4505 4810 5625
v=pL2HjXvWuPc__#1_label_B1-0-0 1090 3392
v=U6MC8JJJZSY__#1_label_G-0-0.mp4 150 779
v=FW_qbiPH7UA__#1_label_B1-0-0.mp4 1654 2080 2367 2745
The.Fast.and.the.Furious.2001__#00-29-00_00-29-52_label_B2-G-0.mp4 310 515 790 1045
The.Fast.and.the.Furious.2001__#01-24-18_01-25-05_label_B6-0-0.mp4 147 347
The.Fast.and.the.Furious.2001__#01-37-40_01-38-30_label_B6-0-0.mp4 167 540
v=aWPWHU8x6kE__#1_label_B4-0-0.mp4 3368 4698
v=LJ0Pu5_Mefs__#1_label_G-0-0.mp4 694 851
v=BpargJW29Wo__#00-00-50_00-01-30_label_B1-0-0.mp4 127 788
v=Y1hxr1MWLjM__#1_label_B1-0-0.mp4 1920 2483
v=UYFR-XbyZQc__#00-01-19_00-02-42_label_G-0-0.mp4 33 333
v=Q9Re4CnFJRg__#00-01-21_00-01-47_label_G-0-0.mp4 53 263 460 615
v=PRH5rYUHoVU__#00-00-25_00-02-50_label_B6-0-0.mp4 27 144 230 440 527 600 715 905 958 1072 1235 1290 1485 1565 1820 1910 2020 3030 3061 3160 3255 3387
v=qmsQ-obL1Z4__#00-03-26_00-04-04_label_B6-0-0.mp4 95 220 615 875
v=f6j3YWgVBto__#00-06-16_00-06-51_label_B6-0-0.mp4 240 370
v=yDqThVpu1AM__#1_label_B4-0-0 0 743
v=KUeUxbsBO6s__#1_label_B1-0-0 1042 2000
v=qqsd-cZr01k__#00-01-00_00-02-45_label_B6-0-0 79 103 381 500 750 825 1026 1060 1340 1380 1700 1880 2100 2255 2430 2480
v=qqsd-cZr01k__#00-06-10_00-07-19_label_B6-0-0 0 66 214 410 665 705 852 900 1120 1160 1285 1330 1350 1385 1468 1510 1598 1657
v=6TR2rcgHm4g__#1_label_B4-0-0 0 344 497 790 1025 1195 1246 1590
v=utQ5AvXtNLA__#1_label_B4-0-0 0 893
v=QWwDsPSe7iM__#1_label_B4-0-0 0 2214
v=pMtu7fOHdII__#1_label_B1-0-0 650 850
Gladiator.2000__#01-10-27_01-11-59_label_B1-0-0 745 1663
God.Bless.America.2011__#00-12-40_00-13-12_label_B2-0-0 122 322
God.Bless.America.2011__#00-38-25_00-39-37_label_B2-B5-0 110 160 300 560 810 1150
God.Bless.America.2011__#01-32-00_01-32-50_label_B2-0-0 122 180
GoldenEye.1995__#00-10-00_00-10-40_label_G-0-0 621 920
GoldenEye.1995__#00-24-53_00-25-06_label_B1-0-0 75 270
GoldenEye.1995__#01-17-05_01-19-57_label_B2-B1-0 232 260 728 990 1200 1591 1700 1765 2959 3402 3631 3769 3995 4122
GoldenEye.1995__#02-02-15_02-02-47_label_B1-0-0 100 310 380 690
GoldenEye.1995__#02-03-40_02-04-13_label_G-0-0 64 777
v=ovQ1VTJ_IUI__#1_label_B1-0-0 140 370 660 861
v=tivXK3PGByk__#1_label_B1-0-0 1037 1800 2300 2750
v=m5zK-tzYCQM__#1_label_B4-0-0 126 1630
v=Q6zIX29HkSo__#1_label_B4-0-0 43 2100
Haywire.2011__#00-03-51_00-05-12_label_B1-B2-0 261 797 799 810 872 1470
Haywire.2011__#00-16-07_00-16-49_label_B1-0-0 153 640
Haywire.2011__#00-39-07_00-41-48_label_B1-B2-0 111 2139 2459 3210 3504 3530
Haywire.2011__#01-20-20_01-21-57_label_B1-0-0 578 2225
v=3wxWNAM8Cso__#1_label_G-0-0 4318 4612 4881 5495
v=YdrISbwy_zI__#1_label_G-0-0 530 1362
v=8ewWXhYRUNs__#1_label_B1-0-0 88 910
v=zoIn2hOrUIM__#00-01-00_00-02-45_label_B6-0-0 156 240 521 580 1315 1370 1694 1766 2067 2146 2460 2521
v=zoIn2hOrUIM__#00-06-10_00-07-19_label_B6-0-0 226 270 369 410 790 825 1078 1110 1462 1473
v=yy-KIWDcBr4__#00-08-35_00-10-25_label_B6-0-0 0 187 270 360 852 930 1155 1230 1501 1556 2100 2200
v=yy-KIWDcBr4__#00-16-10_00-17-19_label_B6-0-0 0 90 350 424 514 550 856 956 1040 1103 1576 1657
v=5Tnl7_8RqlA__#00-11-00_00-12-45_label_B6-0-0 110 137 391 465 746 990 1060 1180 1430 1490 1850 1880 2128 2158 2390 2470
v=BzwNU2xmT64__#00-01-00_00-02-45_label_B6-0-0 0 45 246 285 760 1006 1180 1276 1632 1738 2241 2360
v=BzwNU2xmT64__#00-04-10_00-06-09_label_B6-0-0 27 160 500 560 843 888 1060 1160 1360 1510 1637 1685 1840 1880 2233 2320
v=X1arMZmYhsk__#00-13-00_00-14-09_label_B6-0-0 329 450 660 746 943 990 1200 1250 1552 1620
v=uBXprlsmd18__#00-03-00_00-04-09_label_B6-0-0 107 170 974 1020 1600 1657
v=uBXprlsmd18__#00-06-10_00-07-19_label_B6-0-0 356 529 1075 1156 1440 1657
v=7rDRFFSUrPI__#00-01-50_00-02-32_label_G-0-0 655 700 840 860 912 930
v=EH_QB6cm6BE__#1_label_G-0-0 158 400 535 656
v=q_DhkdHGXos__#1_label_B1-0-0 0 1420
v=Dh-3BlhAOnE__#00-00-00_00-13-36_label_B4-0-0 0 170 14846 19116
v=rAlZRFZTwxM__#00-03-13_00-07-08_label_G-0-0 264 304 566 859 2391 2422 2780 3190
v=Dn_SDu22WpM__#00-08-35_00-10-05_label_B6-0-0 55 100 253 313 437 500 755 788 989 1040 1812 1893
v=9Jk2sIp5MRQ__#1_label_G-0-0 175 215 273 567
v=UK2w9Sh47fM__#1_label_G-0-0 210 500
v=vv-MFJPi4Qs__#1_label_G-0-0 649 680
v=hAHXCMRvY_I__#1_label_G-0-0 165 278
v=w16YmhAZ1_Y__#1_label_G-0-0 64 315
v=78u9uBJBqIw__#1_label_B4-B5-0 1330 1784 2059 2360
IP.Man.2.2010__#00-07-14_00-09-13_label_B1-0-0 579 742 1010 1350 1745 1870 1995 2190
IP.Man.2.2010__#01-35-55_01-39-11_label_B1-0-0 637 748 890 1150 2564 3962
Ip.Man.3.2015__#00-17-51_00-18-51_label_B1-0-0 0 145 305 470
Ip.Man.3.2015__#00-44-45_00-45-08_label_B1-0-0 193 365
Ip.Man.3.2015__#00-46-08_00-54-20_label_B1-0-0 4826 4964 5050 5134 5712 6300 6572 10880 11440 11530 11700 11807
Ip.Man.2008__#00-46-51_00-47-30_label_B1-0-0 310 520
Ip.Man.2008__#00-48-57_00-50-47_label_B1-0-0 12 148 502 730 1260 2047
Ip.Man.2008__#01-14-31_01-15-24_label_B1-0-0 177 462
Ip.Man.2008__#01-40-37_01-42-07_label_B4-0-0 105 1482
v=cO1UefhG7AY__#1_label_G-0-0 1048 1200 1940 2190 4180 4300
v=v_LxqgpRouM__#1_label_G-0-0 148 888
v=CUr-Mg8Hmh0__#1_label_G-0-0 3668 3853 4409 4600
v=u0Tnw01PNxc__#1_label_B4-0-0 0 1376
Jason.Bourne.2016__#0-17-25_0-18-53_label_B4-0-0 85 485 640 1280 1522 1950
Jason.Bourne.2016__#0-29-48_0-30-29_label_B4-0-0 117 300 500 660
Jason.Bourne.2016__#0-50-20_0-50-30_label_G-0-0 12 77
v=PuZy1PQIgrA__#1_label_B1-0-0 528 1120 2042 2590
v=Q7NpJXOTiMY__#1_label_G-0-0 10 900
v=JfLYNEsrTew__#1_label_G-0-0 52 430
v=w2NgAYJHnS0__#1_label_G-0-0 50 300
v=9Ydg5IeZpFI__#1_label_B1-0-0 55 660 1131 1710 2231 2475 2799 3291 3830 4489
Kill.Bill.Vol.1.2003__#01-17-20_01-20-20_label_B1-0-0 1835 4273
Kill.Bill.Vol.1.2003__#01-21-39_01-26-55_label_B1-0-0 1829 6854
Kill.Bill.Vol.1.2003__#01-26-56_01-28-18_label_B1-0-0 297 1880
Kill.Bill.Vol.2.2004__#0-25-20_0-26-20_label_B2-0-0 970 1010
Kingsman.The.Golden.Circle.2017__#00-35-55_00-36-35_label_B1-0-0 287 693
Kingsman.The.Golden.Circle.2017__#00-41-22_00-41-32_label_B2-0-0 14 44
Kingsman.The.Secret.Service.2014__#00-22-10_00-23-10_label_B2-0-0 0 230
Kingsman.The.Secret.Service.2014__#01-43-40_01-44-50_label_B2-G-0 96 117 1394 1438 1555 1580
Law.Abiding.Citizen.2009__#01-26-34_01-27-25_label_B2-0-0 626 990
v=SMy2_qNO2Y0__#00-01-50_00-03-13_label_G-0-0 257 310 1040 1300
v=qyTGi0N4OVg__#1_label_G-0-0 646 1120
v=CvMpD1yqfxI__#1_label_G-0-0 194 338 560 720
v=ZCjNPgNu42g__#1_label_B4-0-0 1060 2970
v=gp_D8r-2hwk__#1_label_G-0-0 1365 1600
Lord.of.War__#00-50-10_00-50-50_label_G-0-0 119 230
Lord.of.War__#01-41-04_01-41-53_label_B1-0-0 295 318 433 467
v=cuUK-3MNqtw__#1_label_B1-0-0 1280 1450
Love.Death.and.Robots.S01E10__#0-01-00_0-02-13_label_B2-G-0 560 600 846 905 1050 1295
Love.Death.and.Robots.S01E15__#0-05-38_0-06-18_label_G-0-0 340 430
v=OE9t3XImErk__#1_label_B1-0-0 193 290
v=3e3C-LQWF2s__#1_label_B1-0-0 141 1000 1503 1665 1860 2200 3170 3300 3882 3960 4085 4420
v=HUL83wCQATc__#1_label_B1-0-0 145 402 1000 1403
Mindhunters.2004__#01-19-00_01-20-05_label_B2-0-0 0 375 546 604
Mission.Impossible.Fallout.2018__#00-31-21_00-32-50_label_B1-0-0 96 2125
Mission.Impossible.Fallout.2018__#00-39-18_00-40-36_label_B1-0-0 327 1680
Mission.Impossible.Fallout.2018__#02-03-50_02-04-35_label_B1-0-0 222 976
Mission.Impossible.Ghost.Protocol.2011__#00-01-18_00-01-40_label_B2-0-0 63 200 371 410
Mission.Impossible.Ghost.Protocol.2011__#01-12-38_01-13-43_label_B1-0-0 180 630 1086 1122 1260 1390
Mission.Impossible.Ghost.Protocol.2011__#01-54-24_01-54-50_label_B1-0-0 87 347
Mission.Impossible.Ghost.Protocol.2011__#01-56-52_01-57-03_label_B1-0-0 54 120
Mission.Impossible.II.2000__#01-18-55_01-20-53_label_B2-0-0 159 330
Mission.Impossible.II.2000__#01-25-08_01-25-31_label_B2-0-0 9 117
Mission.Impossible.II.2000__#01-29-30_01-29-44_label_B1-0-0 136 280
Mission.Impossible.II.2000__#01-32-56_01-33-25_label_B1-0-0 460 600
Mission.Impossible.II.2000__#01-38-25_01-38-41_label_B2-B5-0 130 165 260 295
Mission.Impossible.II.2000__#01-46-20_01-47-11_label_B2-B6-0 10 56 84 135 184 413 608 919
Mission.Impossible.III.2006__#00-19-56_00-20-26_label_B2-0-0 19 560
Mission.Impossible.III.2006__#01-06-52_01-07-15_label_G-0-0 259 346
Mission.Impossible.III.2006__#01-54-02_01-54-40_label_B2-0-0 206 300 554 735
Mission.Impossible.V.Rogue.Nation.2015__#00-14-40_00-17-12_label_B1-0-0 170 222 395 420 538 558 1445 3296
Mission.Impossible.V.Rogue.Nation.2015__#00-17-27_00-17-55_label_B2-0-0 476 579
Mission.Impossible.V.Rogue.Nation.2015__#01-15-52_01-16-48_label_B6-B2-0 84 216 328 407 526 995
Mission.Impossible.V.Rogue.Nation.2015__#01-19-48_01-20-20_label_B6-0-0 192 332
v=iegHZ_UWWsA__#00-14-05_00-20-33_label_B4-0-0 1108 5466 5921 7130
v=8oJMGgaww70__#1_label_B4-0-0 0 3578
v=Y43UkfAe_bc__#00-00-00_00-01-40_label_B4-0-0 0 2400
v=aQ3qMpgZjwg__#00-00-00_00-01-48_label_B4-0-0 637 1530 1800 2100
v=3xkwZk44VQs__#1_label_B4-0-0 0 771 792 1489 1509 1978
v=yvnj5VIDsNI__#1_label_B4-0-0 0 1197 3496 3710 3765 3910
v=GbMQ2CxeNHU__#1_label_B4-0-0 0 5489
v=3zgaqeVSXuI__#1_label_B4-0-0 0 663 670 1320 1500 1604 1762 1848
v=ADQNFs9bfFk__#00-00-00_00-00-58_label_B4-0-0 0 350 465 1379
v=fIlmgvc-bUk__#1_label_B4-0-0 123 1370
v=kPWdgckIhLI__#1_label_B4-0-0 0 558
Rush.Hour.3.2007.BluRay__#00-04-59_00-05-31_label_B2-0-0 573 623
Rush.Hour.3.2007.BluRay__#00-34-11_00-35-46_label_B1-0-0 416 738 805 1034 1118 1390 1461 1788 1862 2055 2232 2258
Rush.Hour.3.2007.BluRay__#00-40-56_00-41-52_label_B2-0-0 665 684 1145 1195
Rush.Hour.3.2007.BluRay__#01-12-16_01-12-36_label_B1-0-0 0 450
Rush.Hour.1998.BluRay__#00-08-08_00-09-15_label_B2-B6-G 115 174 411 445 457 494 594 620 640 830 1000 1127 1248 1445
Rush.Hour.1998.BluRay__#00-11-05_00-12-10_label_B2-B1-0 140 175 275 575 935 1360
Rush.Hour.1998.BluRay__#01-20-28_01-21-38_label_B2-0-0 122 200 220 300 316 357 762 848 998 1049 1105 1174 1323 1475
Rush.Hour.1998.BluRay__#01-25-21_01-25-46_label_B2-0-0 437 519
v=wnd3IYH7x1o__#1_label_G-0-0 260 440 746 1000
v=lcBUb7EOQ4o__#1_label_G-0-0 913 1050 1132 1270 1306 2235
Salt.2010__#00-17-40_00-18-16_label_B1-0-0 530 864
Salt.2010__#01-06-27_01-07-07_label_G-B2-0 25 92 119 137 190 270 319 526 690 730
Salt.2010__#01-12-05_01-12-32_label_B2-G-0 123 296 340 456
Saving.Private.Ryan.1998__#00-47-50_00-49-35_label_B2-0-0 483 670 801 887 1211 1431
Saving.Private.Ryan.1998__#02-23-00_02-23-28_label_B1-0-0 38 672
Saving.Private.Ryan.1998__#02-23-58_02-24-18_label_G-0-0 228 311
Saving.Private.Ryan.1998__#02-24-18_02-25-42_label_B1-0-0 72 428 550 830 1085 2016
Saving.Private.Ryan.1998__#02-25-42_02-26-03_label_B2-0-0 247 504
v=Qc3pAEeK16A__#1_label_B1-0-0 70 237 980 1218
v=6KQFxxHmVMc__#1_label_B1-0-0 144 590 1991 2100 2220 2340 2479 2640
Shoot.Em.Up.2007__#00-32-40_00-35-10_label_B2-0-0 43 74 114 159 234 371 560 781 905 1426 1522 1696 1790 2185 2374 2434 2517 2697 2795 3432
Shoot.Em.Up.2007__#00-53-25_00-56-47_label_B2-0-0 101 200 705 760 2650 2709 2875 3120 3217 3469 4021 4265 4770 4820
Shoot.Em.Up.2007__#00-56-56_00-57-15_label_B2-0-0 0 380
Sin.City.2005__#0-06-42_0-07-06_label_B1-0-0 340 380
Sin.City.2005__#0-10-40_0-11-40_label_B2-0-0 50 106 355 392 466 480 555 580 650 750
Sin.City.2005__#0-22-04_0-22-18_label_B5-0-0 0 336
Sin.City.2005__#0-29-34_0-29-56_label_B2-0-0 355 425 470 510
Sin.City.2005__#0-32-00_0-32-16_label_B2-0-0 125 159 280 320
Sin.City.2005__#0-43-45_0-44-01_label_B2-0-0 52 148
Sin.City.2005__#01-19-08_01-19-23_label_G-0-0 75 150
Sin.City.2005__#01-51-59_01-52-29_label_B2-0-0 35 80 555 610
Skyfall.2012__#00-03-22_00-03-40_label_B6-0-0 180 432
Skyfall.2012__#00-06-10_00-06-25_label_B6-0-0 165 255
Skyfall.2012__#01-20-05_01-20-20_label_B1-B2-0 45 260
Skyfall.2012__#01-55-44_01-56-57_label_B2-G-0 54 298 370 467 548 596 687 740 944 1076 1153 1182 1235 1449
Skyfall.2012__#01-57-40_01-58-00_label_B2-0-0 0 168
Skyfall.2012__#02-08-44_02-09-17_label_B1-0-0 78 655
v=-kwNh1lMU-w__#1_label_B4-0-0 0 837 1360 4080
v=_BgJEXQkjNQ__#1_label_G-0-0 1720 5145 5302 7938
v=xe4ee56aHSg__#1_label_G-0-0 270 531
v=2al4t5inObA__#1_label_B4-0-0 0 3322
Spectre.2015__#00-44-05_00-44-40_label_B1-B2-0 38 217 254 329 539 817
Spectre.2015__#01-08-58_01-09-20_label_B1-B2-0 50 100 295 320 330 355
Spectre.2015__#01-10-35_01-10-53_label_B2-0-0 170 237 270 337
Spectre.2015__#01-32-55_01-35-40_label_B1-B2-0 92 132 134 154 177 2870 2960 2980 3126 3743
Spectre.2015__#02-02-57_02-03-27_label_B1-B2-0 384 430
Spectre.2015__#02-15-30_02-16-05_label_G-0-0 430 571
v=rXWOpZ7W2fA__#1_label_B1-0-0 1500 1570 1665 1800 1957 2137
Taken.2.UNRATED.EXTENDED.2012__#00-13-42_00-14-16_label_B5-0-0 40 424
Taken.2.UNRATED.EXTENDED.2012__#00-45-50_00-46-20_label_G-0-0 374 418
Taken.2.UNRATED.EXTENDED.2012__#01-00-00_01-00-16_label_B2-0-0 327 368
Taken.2.UNRATED.EXTENDED.2012__#01-06-28_01-06-49_label_B2-0-0 49 228
Taken.2.UNRATED.EXTENDED.2012__#01-18-25_01-18-40_label_B2-0-0 49 260
Taken.2.UNRATED.EXTENDED.2012__#01-18-40_01-19-00_label_B1-0-0 18 68
Taken.3.2014__#00-03-58_00-04-16_label_B2-0-0 44 70
Taken.3.2014__#01-04-50_01-05-05_label_B1-0-0 109 147
Taken.3.2014__#01-12-48_01-14-30_label_B2-B1-0 47 585 685 1516 2060 2080
Taken.3.2014__#01-19-13_01-19-30_label_B1-0-0 39 204
Taken.Extended.Cut.2008__#00-33-51_00-34-03_label_B1-0-0 139 185 206 281
Taken.Extended.Cut.2008__#00-50-45_00-51-04_label_B2-B6-0 103 190 430 455
v=rKpXqwE2rg8__#00-01-57_00-03-06_label_B4-0-0 0 1657
v=96N4XAJ7FKM__#1_label_B1-0-0 922 1936 2831 3281
v=nLAapCIlr-o__#00-07-22_00-08-19_label_B6-0-0 85 140 399 650 921 1076
v=nLAapCIlr-o__#00-08-35_00-10-25_label_B6-0-0 105 200 662 840 1295 1386 1852 1913 2106 2197 2590 2630
v=nLAapCIlr-o__#00-11-00_00-12-45_label_B6-0-0 35 75 319 362 854 917 1523 1596 1747 1800 2013 2098 2417 2521
v=nLAapCIlr-o__#00-16-10_00-18-09_label_B6-0-0 15 120 692 770 1337 1486 1874 2000 2240 2400 2793 2830
v=osjdmjNJUdg__#1_label_B1-0-0 191 856 1380 1985
The.Bourne.Identity.2002__#0-19-53_0-21-48_label_B1-0-0 1931 2115 2641 2750
The.Bourne.Identity.2002__#0-54-45_0-56-25_label_B6-0-0 504 590 633 745 872 945 2052 2106
The.Bourne.Identity.2002__#01-27-39_01-29-19_label_B2-0-0 530 560 1455 1514 1794 1830
The.Bourne.Identity.2002__#01-45-00_01-45-46_label_B1-0-0 240 296 525 559 1045 1086
The.Bourne.Legacy.2012__#0-39-56_0-40-15_label_G-0-0 24 119
The.Bourne.Legacy.2012__#0-59-18_01-01-52_label_B2-B1-0 46 879 946 1018 1111 1160 1212 1354 1426 1660 3300 3330 3340 3610
The.Bourne.Ultimatum.2007__#01-26-27_01-28-03_label_B2-B6-0 475 569 740 900 983 1250 1531 1590 1754 2039
The.Bourne.Ultimatum.2007__#01-44-02_01-44-11_label_B2-0-0 60 80
The.Fast.and.the.Furious.2001__#00-52-18_00-53-36_label_B1-0-0 542 1033 1734 1800
The.Fast.and.the.Furious.2001__#01-14-04_01-15-20_label_B1-0-0 715 979 1030 1072 1221 1250 1333 1460
v=0W8LohxH9nI__#1_label_B1-0-0 933 1250
The.Hurt.Locker.2008__#0-08-45_0-09-57_label_G-0-0 858 1560
The.Hurt.Locker.2008__#0-19-22_0-22-32_label_B2-B1-0 2094 2125 2244 2270 2532 2575 3580 3750
The.Hurt.Locker.2008__#01-02-10_01-03-55_label_B2-0-0 448 520 755 830 1225 1374 1968 1990
The.Hurt.Locker.2008__#01-27-42_01-28-09_label_G-0-0 270 413
v=7QOdBpDrmKk__#00-01-00_00-02-45_label_B6-0-0 32 59 240 281 771 797 1100 1130 1894 1988 2230 2270
v=7QOdBpDrmKk__#00-10-30_00-10-51_label_B6-0-0 332 412
v=k7R_Qo-BiAw__#00-10-30_00-10-51_label_B6-0-0 0 150 296 505
The.World.Is.Not.Enough.1999__#00-07-04_00-07-45_label_G-B2-0 270 480 847 944
The.World.Is.Not.Enough.1999__#00-10-22_00-10-40_label_G-0-0 6 65
v=DRGMajXo_PI__#00-02-15_00-03-02_label_G-0-0 0 1111
v=ONsmJAyFAAw__#1_label_G-0-0 0 1523
v=Rc9EOFjtj0c__#1_label_B6-0-0 564 625 894 988 1307 1389 1615 1820 1852 1980 2263 2328 2701 2738 2901 2980 3109 3270 3301 3342
v=FfrXebzAwOg__#00-06-10_00-07-19_label_B6-0-0 165 202 341 410 599 700 780 852 996 1022 1117 1181 1442 1516
v=DtxU8UYiFws__#1_label_G-0-0 272 415
Tropa.de.Elite.2.2010__#00-13-41_00-14-56_label_B4-0-0 0 535 1677 1735
Tropa.de.Elite.2.2010__#01-33-01_01-33-30_label_B2-0-0 138 176 211 260
Tropa.de.Elite.2.2010__#00-42-00_00-43-00_label_B2-0-0 777 900
Tropa.de.Elite.2.2010__#00-46-11_00-46-50_label_B2-0-0 109 265
v=Lt9M_tSij_4__#00-00-00_00-04-24_label_B6-0-0 170 361 502 657 910 1044 1173 1700 1883 2000 2103 2158 2573 2642 2982 3217 3350 3461 3653 3770 4092 4220 4483 4548 4859 4982 5187 5291 5515 5724 6289 6335
v=BXR3d22BhHs__#00-06-00_00-07-00_label_B4-0-0 1 1425
v=BXR3d22BhHs__#00-07-00_00-08-00_label_B4-0-0 1 1431
v=tP19WuyY3IY__#00-00-00_00-00-51_label_B6-0-0 104 189 524 635 888 966
v=tP19WuyY3IY__#00-06-10_00-07-51_label_B6-0-0 1243 1270 1631 1766
v=YANmwpkuWRo__#1_label_G-0-0 968 1072
v=Q-u3Y9TkZhQ__#1_label_B4-0-0 5 1031
v=IWzI9V3WSnc__#1_label_B4-0-0 4 2687
v=X6Tbn8_X-Os__#1_label_B1-0-0 200 914 1790 3450
v=1GFBuaGCeTo__#1_label_G-0-0 802 1230
v=GN-7_ye5k4E__#1_label_G-0-0 572 1300
v=eqtJjxsTgtg__#1_label_G-0-0 343 480
v=k98yVPXiYoU__#1_label_G-0-0 64 252
v=bDm2-1NZBLw__#1_label_B4-0-0 1 2209
v=2Rr21qkZEDQ__#00-03-00_00-04-09_label_B6-0-0 548 647 1300 1410
v=2Rr21qkZEDQ__#00-14-10_00-16-09_label_B6-0-0 482 576 922 1032 1389 1444 2035 2160 2472 2670
v=CcD-YNlkMPY__#1_label_G-0-0 1300 1356
v=V7FtjJStY1M__#1_label_G-0-0 44 359
v=v-Plzx73K68__#1_label_B4-0-0 316 921
v=AF9p0YA0hyA__#00-00-45_00-01-44_label_B4-0-0 3 1417
v=AF9p0YA0hyA__#00-03-03_00-04-20_label_B4-0-0 1 1841
v=_5Kmb4tqMxs__#1_label_B4-0-0 23 1250
v=TsuuRo6PEXM__#1_label_B1-0-0 307 1218 2306 3200
wangted.2008__#0-22-55_0-23-40_label_B2-0-0 395 560 632 697
wangted.2008__#0-45-25_0-47-01_label_B1-0-0 28 1245
wangted.2008__#0-48-30_0-49-00_label_B2-0-0 346 511
v=YhCSFZNwfHc__#00-01-15_00-01-42_label_G-B2-0 0 65 285 500
v=_YobflFU_HU__#00-06-10_00-07-51_label_B6-0-0 0 65 300 439 630 712 1130 1240 1500 1620 1935 2058 2290 2398
v=g2v3EkBj9Zc__#1_label_B4-0-0 0 530
v=uprb6aBzymw__#00-03-03_00-05-13_label_B4-0-0 0 125 530 790 2045 2887
Yellow.Sea.2010__#01-04-00_01-04-50_label_B1-0-0 0 356
Yellow.Sea.2010__#01-05-40_01-06-47_label_B1-B2-0 140 407 735 1180
Yellow.Sea.2010__#01-58-30_01-59-27_label_B5-0-0 0 787
v=WiS3TIvykeY__#1_label_B4-0-0 0 1560
v=UzxuX79xq4s__#1_label_B4-0-0 270 840 1312 2989 3430 4660
v=lpkL0Y1MhA8__#1_label_B4-0-0 0 248 397 585 1165 1940 2393 2523
v=1io9Uh54Vhg__#1_label_B4-0-0 0 1976
v=m5Ya6z6qroo__#1_label_B4-0-0 138 5505
Young.And.Dangerous.I.1996__#0-20-50_0-22-15_label_B1-0-0 425 1079
Young.And.Dangerous.I.1996__#0-46-25_0-46-55_label_B6-0-0 350 570
Young.And.Dangerous.I.1996__#0-46-57_0-48-57_label_B1-0-0 0 2454
Young.And.Dangerous.III.1996__#00-23-00_00-25-54_label_B4-0-0 2497 3051
Young.And.Dangerous.IV.1997__#01-07-50_01-09-45_label_B1-0-0 368 2734
Young.And.Dangerous.IV.1997__#01-32-04_01-32-58_label_B1-0-0 650 1100
Taken.3.2014__#01-09-26_01-09-54_label_G-0-0 22 258
Bullet.in.the.Head.1990__#00-23-31_00-24-40_label_G-0-0 1325 1400
v=DVdXoVUNkhg__#1_label_G-0-0 990 1145
v=CczYDDDf22A__#1_label_G-0-0 190 240
v=9CWJd1SezkA__#1_label_G-0-0 464 614
v=8oTjTufJnXI__#1_label_G-0-0 977 1610
Mission.Impossible.III.2006__#00-56-23_00-56-40_label_G-0-0 260 363
v=ntaXjnpusxM__#1_label_G-0-0 312 500
Saving.Private.Ryan.1998__#02-20-00_02-20-13_label_G-0-0 115 215
Saving.Private.Ryan.1998__#02-16-58_02-17-13_label_G-0-0 147 300
Love.Death.and.Robots.S01E13__#0-11-48_0-12-07_label_G-0-0 60 240
v=35zynOrkvMk__#1_label_G-0-0 114 164
v=1q5V6DKH3bw__#1_label_B4-0-0 0 425 680 1515 2030 2353 2500 2950
v=3WmMhircZOc__#1_label_B4-0-0 580 4150
v=-etV57xZ4_I__#1_label_B4-0-0 0 260
v=tv0rI-5ycBU__#1_label_B4-0-0 0 130 206 2945
v=2WkuPNLfl5s__#1_label_B4-0-0 225 1008
v=CFfc4UWzVB8__#00-00-00_00-00-30_label_B4-0-0 508 581 605 721
v=fQQzg2VfJME__#1_label_B4-0-0 117 1300
v=0N0PbzjEg0U__#1_label_B4-0-0 0 550
v=p7kvQ4OpDgU__#1_label_B4-0-0 270 1370
v=GI49YSCruwY__#1_label_B4-0-0 0 1410 1795 1965 2320 2980
City.of.God.2002__#01-24-10_01-25-10_label_B2-0-0 340 1090